--- Accumulator Registers (acc0-acc3) (Floating-Point) ---

acc0:
  (Destination: FP32, 32-bit)
  Row 0: 0.0 0.0 0.0 0.0 (0, 0, 0, 0)
  Row 1: 0.0 0.0 0.0 0.0 (0, 0, 0, 0)
  Row 2: 0.0 0.0 0.0 0.0 (0, 0, 0, 0)
  Row 3: 0.0 0.0 0.0 0.0 (0, 0, 0, 0)

acc1:
  (Destination: FP32, 32-bit)
  Row 0: -23.859375 -23.859375 -23.859375 -23.859375 (3250511872, 3250511872, 3250511872, 3250511872)
  Row 1: -23.859375 -23.859375 -23.859375 -23.859375 (3250511872, 3250511872, 3250511872, 3250511872)
  Row 2: -23.859375 -23.859375 -23.859375 -23.859375 (3250511872, 3250511872, 3250511872, 3250511872)
  Row 3: -23.859375 -23.859375 -23.859375 -23.859375 (3250511872, 3250511872, 3250511872, 3250511872)

acc2:
  (Destination: FP32, 32-bit)
  Row 0: 5.772084 5.772084 5.772084 5.772084 (1085846762, 1085846762, 1085846762, 1085846762)
  Row 1: 5.772084 5.772084 5.772084 5.772084 (1085846762, 1085846762, 1085846762, 1085846762)
  Row 2: 5.772084 5.772084 5.772084 5.772084 (1085846762, 1085846762, 1085846762, 1085846762)
  Row 3: 5.772084 5.772084 5.772084 5.772084 (1085846762, 1085846762, 1085846762, 1085846762)

acc3:
  (Destination: FP32, 32-bit)
  Row 0: -4.137061 -4.137061 -4.137061 -4.137061 (3229901518, 3229901518, 3229901518, 3229901518)
  Row 1: -4.137061 -4.137061 -4.137061 -4.137061 (3229901518, 3229901518, 3229901518, 3229901518)
  Row 2: -4.137061 -4.137061 -4.137061 -4.137061 (3229901518, 3229901518, 3229901518, 3229901518)
  Row 3: -4.137061 -4.137061 -4.137061 -4.137061 (3229901518, 3229901518, 3229901518, 3229901518)
