--- Tile Registers (tr0-tr3) (Integer Only)---

tr0:
  Row 0: -54 -54 -54 -54 (-54, -54, -54, -54)
  Row 1: -54 -54 -54 -54 (-54, -54, -54, -54)
  Row 2: -54 -54 -54 -54 (-54, -54, -54, -54)
  Row 3: -54 -54 -54 -54 (-54, -54, -54, -54)

tr1:
  Row 0: 49 49 49 49 (49, 49, 49, 49)
  Row 1: 49 49 49 49 (49, 49, 49, 49)
  Row 2: 49 49 49 49 (49, 49, 49, 49)
  Row 3: 49 49 49 49 (49, 49, 49, 49)

tr2:
  Row 0: -5 -5 -5 -5 (-5, -5, -5, -5)
  Row 1: -5 -5 -5 -5 (-5, -5, -5, -5)
  Row 2: -5 -5 -5 -5 (-5, -5, -5, -5)
  Row 3: -5 -5 -5 -5 (-5, -5, -5, -5)

tr3:
  Row 0: 0 0 0 0 (0, 0, 0, 0)
  Row 1: 0 0 0 0 (0, 0, 0, 0)
  Row 2: 0 0 0 0 (0, 0, 0, 0)
  Row 3: 0 0 0 0 (0, 0, 0, 0)
