--- Tile Registers (tr0-tr3) (Floating-Point | 32-bit representation)---

tr0:
  Row 0: 0.0 0.0 0.0 0.0 (0, 0, 0, 0)
  Row 1: 0.0 0.0 0.0 0.0 (0, 0, 0, 0)
  Row 2: 0.0 0.0 0.0 0.0 (0, 0, 0, 0)
  Row 3: 0.0 0.0 0.0 0.0 (0, 0, 0, 0)

tr1:
  Row 0: -21.8594 -21.8594 -21.8594 -21.8594 (3249463309, 3249463309, 3249463309, 3249463309)
  Row 1: -21.8594 -21.8594 -21.8594 -21.8594 (3249463309, 3249463309, 3249463309, 3249463309)
  Row 2: -21.8594 -21.8594 -21.8594 -21.8594 (3249463309, 3249463309, 3249463309, 3249463309)
  Row 3: -21.8594 -21.8594 -21.8594 -21.8594 (3249463309, 3249463309, 3249463309, 3249463309)

tr2:
  Row 0: 5.7804 5.7804 5.7804 5.7804 (1085864201, 1085864201, 1085864201, 1085864201)
  Row 1: 5.7804 5.7804 5.7804 5.7804 (1085864201, 1085864201, 1085864201, 1085864201)
  Row 2: 5.7804 5.7804 5.7804 5.7804 (1085864201, 1085864201, 1085864201, 1085864201)
  Row 3: 5.7804 5.7804 5.7804 5.7804 (1085864201, 1085864201, 1085864201, 1085864201)

tr3:
  Row 0: -3.7862 -3.7862 -3.7862 -3.7862 (3228717338, 3228717338, 3228717338, 3228717338)
  Row 1: -3.7862 -3.7862 -3.7862 -3.7862 (3228717338, 3228717338, 3228717338, 3228717338)
  Row 2: -3.7862 -3.7862 -3.7862 -3.7862 (3228717338, 3228717338, 3228717338, 3228717338)
  Row 3: -3.7862 -3.7862 -3.7862 -3.7862 (3228717338, 3228717338, 3228717338, 3228717338)
