# Format: <Hex Address>: <Hex bytes separated by spaces>
# Example: 0x3E8: 0A 14 1E
# RAM 2KB (from 0x000 to 0x7FF)
0x000: 00 00 00 00 00 00 00 00 00 00 00 00 00 00 00 00
0x010: 00 00 00 00 00 00 00 00 00 00 00 00 00 00 00 00
0x020: 00 00 00 00 00 00 00 00 00 00 00 00 00 00 00 00
0x030: 00 00 00 00 00 00 00 00 00 00 00 00 00 00 00 00
0x040: 00 00 00 00 00 00 00 00 00 00 00 00 00 00 00 00
0x050: 00 00 00 00 00 00 00 00 00 00 00 00 00 00 00 00
0x060: 00 00 00 00 00 00 00 00 00 00 00 00 00 00 00 00
0x070: 00 00 00 00 00 00 00 00 00 00 00 00 00 00 00 00
0x080: 00 00 00 00 00 00 00 00 00 00 00 00 00 00 00 00
0x090: 00 00 00 00 00 00 00 00 00 00 00 00 00 00 00 00
0x0A0: 00 00 00 00 00 00 00 00 00 00 00 00 00 00 00 00
0x0B0: 00 00 00 00 00 00 00 00 00 00 00 00 00 00 00 00
0x0C0: 00 00 00 00 00 00 00 00 00 00 00 00 00 00 00 00
0x0D0: 00 00 00 00 00 00 00 00 00 00 00 00 00 00 00 00
0x0E0: 00 00 00 00 00 00 00 00 00 00 00 00 00 00 00 00
0x0F0: 00 00 00 00 00 00 00 00 00 00 00 00 00 00 00 00
0x100: 00 00 00 00 00 00 00 00 00 00 00 00 00 00 00 00
0x110: 00 00 00 00 00 00 00 00 00 00 00 00 00 00 00 00
0x120: 00 00 00 00 00 00 00 00 00 00 00 00 00 00 00 00
0x130: 00 00 00 00 00 00 00 00 00 00 00 00 00 00 00 00
0x140: 00 00 00 00 00 00 00 00 00 00 00 00 00 00 00 00
0x150: 00 00 00 00 00 00 00 00 00 00 00 00 00 00 00 00
0x160: 00 00 00 00 00 00 00 00 00 00 00 00 00 00 00 00
0x170: 00 00 00 00 00 00 00 00 00 00 00 00 00 00 00 00
0x180: 00 00 00 00 00 00 00 00 00 00 00 00 00 00 00 00
0x190: 00 00 00 00 00 00 00 00 00 00 00 00 00 00 00 00
0x1A0: 00 00 00 00 00 00 00 00 00 00 00 00 00 00 00 00
0x1B0: 00 00 00 00 00 00 00 00 00 00 00 00 00 00 00 00
0x1C0: 00 00 00 00 00 00 00 00 00 00 00 00 00 00 00 00
0x1D0: 00 00 00 00 00 00 00 00 00 00 00 00 00 00 00 00
0x1E0: 00 00 00 00 00 00 00 00 00 00 00 00 00 00 00 00
0x1F0: 00 00 00 00 00 00 00 00 00 00 00 00 00 00 00 00
0x200: 00 00 00 00 00 00 00 00
0x208: 00 00 00 00 00 00 00 00
0x210: 00 00 00 00 00 00 00 00
0x218: 00 00 00 00 00 00 00 00
0x220: 00 00 00 00 00 00 00 00
0x228: 00 00 00 00 00 00 00 00
0x230: 00 00 00 00 00 00 00 00
0x238: 00 00 00 00 00 00 00 00
0x240: 00 00 00 00 00 00 00 00
0x248: 00 00 00 00 00 00 00 00
0x250: 00 00 00 00 00 00 00 00
0x258: 00 00 00 00 00 00 00 00
0x260: 00 00 00 00 00 00 00 00
0x268: 00 00 00 00 00 00 00 00
0x270: 00 00 00 00 00 00 00 00
0x278: 00 00 00 00 00 00 00 00
0x280: 00 00 00 00 00 00 00 00
0x288: 00 00 00 00 00 00 00 00
0x290: 00 00 00 00 00 00 00 00
0x298: 00 00 00 00 00 00 00 00
0x2A0: 00 00 00 00 00 00 00 00
0x2A8: 00 00 00 00 00 00 00 00
0x2B0: 00 00 00 00 00 00 00 00
0x2B8: 00 00 00 00 00 00 00 00
0x2C0: 00 00 00 00 00 00 00 00
0x2C8: 00 00 00 00 00 00 00 00
0x2D0: 00 00 00 00 00 00 00 00
0x2D8: 00 00 00 00 00 00 00 00
0x2E0: 00 00 00 00 00 00 00 00
0x2E8: 00 00 00 00 00 00 00 00
0x2F0: 00 00 00 00 00 00 00 00
0x2F8: 00 00 00 00 00 00 00 00
0x300: 00 00 00 00
0x304: 00 00 00 00
0x308: 00 00 00 00
0x30C: 00 00 00 00
0x310: 00 00 00 00
0x314: 00 00 00 00
0x318: 00 00 00 00
0x31C: 00 00 00 00
0x320: 00 00 00 00 00 00 00 00 00 00 00 00 00 00 00 00
0x330: 00 00 00 00 00 00 00 00 00 00 00 00 00 00 00 00
0x340: 00 00 00 00 00 00 00 00 00 00 00 00 00 00 00 00
0x350: 00 00 00 00 00 00 00 00 00 00 00 00 00 00 00 00
0x360: 00 00 00 00 00 00 00 00 00 00 00 00 00 00 00 00
0x370: 00 00 00 00 00 00 00 00 00 00 00 00 00 00 00 00
0x380: 00 00 00 00 00 00 00 00 00 00 00 00 00 00 00 00
0x390: 00 00 00 00 00 00 00 00 00 00 00 00 00 00 00 00
0x3A0: 00 00 00 00 00 00 00 00 00 00 00 00 00 00 00 00
0x3B0: 00 00 00 00 00 00 00 00 00 00 00 00 00 00 00 00
0x3C0: 00 00 00 00 00 00 00 00 00 00 00 00 00 00 00 00
0x3D0: 00 00 00 00 00 00 00 00 00 00 00 00 00 00 00 00
0x3E0: 00 00 00 00 00 00 00 00 00 00 00 00 00 00 00 00
0x3F0: 00 00 00 00 00 00 00 00 00 00 00 00 00 00 00 00
0x400: 00 00 00 00 00 00 00 00 00 00 00 00 00 00 00 00
0x410: 00 00 00 00 00 00 00 00 00 00 00 00 00 00 00 00
0x420: 00 00 00 00 00 00 00 00 00 00 00 00 00 00 00 00
0x430: 00 00 00 00 00 00 00 00 00 00 00 00 00 00 00 00
0x440: 00 00 00 00 00 00 00 00 00 00 00 00 00 00 00 00
0x450: 00 00 00 00 00 00 00 00 00 00 00 00 00 00 00 00
0x460: 00 00 00 00 00 00 00 00 00 00 00 00 00 00 00 00
0x470: 00 00 00 00 00 00 00 00 00 00 00 00 00 00 00 00
0x480: 00 00 00 00 00 00 00 00 00 00 00 00 00 00 00 00
0x490: 00 00 00 00 00 00 00 00 00 00 00 00 00 00 00 00
0x4A0: 00 00 00 00 00 00 00 00 00 00 00 00 00 00 00 00
0x4B0: 00 00 00 00 00 00 00 00 00 00 00 00 00 00 00 00
0x4C0: 00 00 00 00 00 00 00 00 00 00 00 00 00 00 00 00
0x4D0: 00 00 00 00 00 00 00 00 00 00 00 00 00 00 00 00
0x4E0: 00 00 00 00 00 00 00 00 00 00 00 00 00 00 00 00
0x4F0: 00 00 00 00 00 00 00 00 00 00 00 00 00 00 00 00
0x500: 00 00 00 00 00 00 00 00 00 00 00 00 00 00 00 00
0x510: 00 00 00 00 00 00 00 00 00 00 00 00 00 00 00 00
0x520: 00 00 00 00 00 00 00 00 00 00 00 00 00 00 00 00
0x530: 00 00 00 00 00 00 00 00 00 00 00 00 00 00 00 00
0x540: 00 00 00 00 00 00 00 00 00 00 00 00 00 00 00 00
0x550: 00 00 00 00 00 00 00 00 00 00 00 00 00 00 00 00
0x560: 00 00 00 00 00 00 00 00 00 00 00 00 00 00 00 00
0x570: 00 00 00 00 00 00 00 00 00 00 00 00 00 00 00 00
0x580: 00 00 00 00 00 00 00 00 00 00 00 00 00 00 00 00
0x590: 00 00 00 00 00 00 00 00 00 00 00 00 00 00 00 00
0x5A0: 00 00 00 00 00 00 00 00 00 00 00 00 00 00 00 00
0x5B0: 00 00 00 00 00 00 00 00 00 00 00 00 00 00 00 00
0x5C0: 00 00 00 00 00 00 00 00 00 00 00 00 00 00 00 00
0x5D0: 00 00 00 00 00 00 00 00 00 00 00 00 00 00 00 00
0x5E0: 00 00 00 00 00 00 00 00 00 00 00 00 00 00 00 00
0x5F0: 00 00 00 00 00 00 00 00 00 00 00 00 00 00 00 00
0x600: 00 00 00 00 00 00 00 00 00 00 00 00 00 00 00 00
0x610: 00 00 00 00 00 00 00 00 00 00 00 00 00 00 00 00
0x620: 00 00 00 00 00 00 00 00 00 00 00 00 00 00 00 00
0x630: 00 00 00 00 00 00 00 00 00 00 00 00 00 00 00 00
0x640: 00 00 00 00 00 00 00 00 00 00 00 00 00 00 00 00
0x650: 00 00 00 00 00 00 00 00 00 00 00 00 00 00 00 00
0x660: 00 00 00 00 00 00 00 00 00 00 00 00 00 00 00 00
0x670: 00 00 00 00 00 00 00 00 00 00 00 00 00 00 00 00
0x680: 00 00 00 00 00 00 00 00 00 00 00 00 00 00 00 00
0x690: 00 00 00 00 00 00 00 00 00 00 00 00 00 00 00 00
0x6A0: 00 00 00 00 00 00 00 00 00 00 00 00 00 00 00 00
0x6B0: 00 00 00 00 00 00 00 00 00 00 00 00 00 00 00 00
0x6C0: 00 00 00 00 00 00 00 00 00 00 00 00 00 00 00 00
0x6D0: 00 00 00 00 00 00 00 00 00 00 00 00 00 00 00 00
0x6E0: 00 00 00 00 00 00 00 00 00 00 00 00 00 00 00 00
0x6F0: 00 00 00 00 00 00 00 00 00 00 00 00 00 00 00 00
0x700: 00 00 00 00 00 00 00 00 00 00 00 00 00 00 00 00
0x710: 00 00 00 00 00 00 00 00 00 00 00 00 00 00 00 00
0x720: 00 00 00 00 00 00 00 00 00 00 00 00 00 00 00 00
0x730: 00 00 00 00 00 00 00 00 00 00 00 00 00 00 00 00
0x740: 00 00 00 00 00 00 00 00 00 00 00 00 00 00 00 00
0x750: 00 00 00 00 00 00 00 00 00 00 00 00 00 00 00 00
0x760: 00 00 00 00 00 00 00 00 00 00 00 00 00 00 00 00
0x770: 00 00 00 00 00 00 00 00 00 00 00 00 00 00 00 00
0x780: 00 00 00 00 00 00 00 00 00 00 00 00 00 00 00 00
0x790: 00 00 00 00 00 00 00 00 00 00 00 00 00 00 00 00
0x7A0: 00 00 00 00 00 00 00 00 00 00 00 00 00 00 00 00
0x7B0: 00 00 00 00 00 00 00 00 00 00 00 00 00 00 00 00
0x7C0: 00 00 00 00 00 00 00 00 00 00 00 00 00 00 00 00
0x7D0: 00 00 00 00 00 00 00 00 00 00 00 00 00 00 00 00
0x7E0: 00 00 00 00 00 00 00 00 00 00 00 00 00 00 00 00
0x7F0: 00 00 00 00 00 00 00 00 00 00 00 00 00 00 00 00
