00000000000000000000000000101011
00100000000001010000000000101011
00100010000000001000000000101011
00010000000001011000000000101011
00010010000000000000000000101011
00110000000001100000000000101011
00110010000000010000000000101011
00000100000100000000010100101011
00000100100100000000010100101011
00000110000100000000010100101011
00000100000100000000100100101011
00000100100100000000100100101011
00000100000101000000010100101011
00000100000101000000100100101011
00000100100101000000100100101011
00000100100110000000100100101011
00000100000110000000100100101011
00000100000110000000110100101011
00000100000111000000110100101011
00010101100100000000100100101011
00010100000100000000100100101011
00010100100100000000100100101011
00010101000100000000100100101011
00010111100100000000100100101011
00010110000100000000100100101011
00010110100100000000100100101011
00010111000100000000100100101011
00010101100101000000110100101011
00010100000101000000110100101011
00010100100101000000110100101011
00010101000101000000110100101011
00100101100100000000100100101011
00000000000100000000000100101011
00001100000000000000000100101011
00011100000000000000000010101011
00101100000100010000000010101011
00111110000100010000000000101011
00111100001000000000000000101011
01001100000100000000000100101011
01011110100000000000000010101011
00000111100101000001100100101011
00000101000101000001100100101011
00000001000001000001000010101011
